30
19
11
18
17
10
29
28
21
21
29
32
19
24
15
16
15
22
16
22
15
34
13
18
28
13
15
18
28
27
12
21
7
33
39
14
15
29
29
9
18
15
23
28
32
28
20
26
13
8
24
12
8
11
17
12
11
27
24
22
46
20
8
13
16
20
32
6
21
30
16
26
28
11
13
50
12
18
31
15
9
25
17
31
32
18
19
14
12
8
22
40
19
22
10
30
18
14
18
26
13
13
25
28
14
20
24
15
23
13
22
19
10
30
28
39
11
27
28
21
11
10
17
9
13
21
25
20
38
36
13
11
47
15
20
25
25
22
26
26
21
39
17
13
20
6
16
30
23
21
12
12
30
40
17
10
16
24
22
11
35
19
9
14
26
26
20
32
11
27
28
19
21
24
13
21
28
18
30
8
15
26
11
17
15
21
27
26
12
15
10
26
16
28
13
27
27
13
23
9
26
14
27
34
12
14
10
44
11
10
20
31
27
33
12
7
21
15
20
17
18
27
11
23
17
28
11
28
18
44
13
32
30
18
16
28
9
23
15
20
13
44
29
18
16
29
29
26
15
29
10
13
10
27
22
9
31
10
44
24
28
10
20
10
12
32
29
25
19
15
29
25
11
13
17
14
16
25
22
11
29
18
11
13
27
11
30
26
19
29
9
26
21
14
24
25
12
13
19
20
16
15
18
30
21
32
13
15
21
16
20
8
27
7
33
10
10
8
20
22
16
29
29
22
30
33
14
7
15
28
14
48
16
32
19
36
4
25
21
41
37
23
9
13
30
16
20
15
16
17
15
35
15
18
23
15
17
11
16
16
29
8
12
25
26
24
11
16
27
29
9
23
15
15
16
12
17
9
48
23
27
16
16
31
27
18
15
10
41
14
34
21
29
28
18
9
17
12
15
14
10
17
16
28
14
13
14
16
10
29
25
21
31
16
29
26
38
16
19
21
21
8
11
14
27
32
17
15
28
14
29
15
23
10
10
24
27
14
30
21
13
19
12
22
20
13
20
16
10
21
13
29
27
21
18
16
31
6
10
9
14
28
17
40
30
22
18
22
26
12
9
16
11
13
15
9
20
14
11
10
37
15
27
6
14
15
38
19
20
25
34
18
25
8
20
29
10
11
18
9
13
18
7
19
43
17
16
17
14
24
31
10
12
27
15
27
8
31
11
8
12
11
21
24
25
22
33
34
20
22
12
15
23
50
20
15
18
55
13
19
13
36
11
14
27
8
20
32
25
18
21
15
12
21
11
11
26
12
33
12
11
27
32
30
13
19
12
16
30
25
12
26
9
13
18
19
9
16
26
14
27
14
16
18
10
19
14
14
17
11
9
9
25
30
17
18
27
27
41
28
12
14
13
17
12
13
11
24
30
25
17
13
12
21
19
17
27
24
10
26
19
8
12
36
13
15
17
35
28
14
28
17
25
20
12
33
35
19
29
15
19
16
12
47
9
30
14
12
7
27
26
29
13
16
13
13
8
14
25
19
11
14
19
43
23
24
13
12
18
14
27
29
33
29
34
7
13
16
12
33
14
27
17
15
23
21
10
13
14
25
27
13
25
8
17
16
13
14
19
25
8
16
17
32
44
9
25
22
16
18
18
13
12
27
32
16
15
30
8
16
28
30
16
19
20
16
14
12
16
29
18
11
3
21
14
15
21
14
15
12
30
21
14
29
8
29
17
29
32
10
11
27
19
12
19
23
21
39
29
24
20
12
22
16
15
46
13
14
20
24
18
23
8
31
11
11
21
6
11
30
16
27
12
9
17
24
31
23
49
12
32
30
28
25
29
26
17
19
31
13
11
11
12
46
18
15
16
25
29
24
28
14
12
26
25
16
32
15
19
14
14
9
17
14
17
15
46
30
9
19
6
17
38
16
45
7
18
35
29
8
20
16
21
21
4
15
7
42
15
27
13
12
16
23
12
15
30
32
8
18
31
13
20
23
11
18
22
12
15
23
10
30
9
15
15
12
22
25
25
12
15
14
31
27
17
30
11
32
36
12
16
19
18
40
27
17
57
17
13
22
16
33
28
10
12
26
19
13
28
13
8
16
15
14
30
26
14
17
18
19
19
17
12
17
26
18
13
14
9
28
27
22
11
17
12
12
30
18
12
22
30
22
18
50
26
28
19
35
17
23
15
31
7
13
22
7
23
18
16
13
23
15
18
13
12
8
19
16
18
10
20
10
14
28
17
13
18
15
32
14
14
18
17
25
30
16
26
16
20
29
16
30
11
26
26
14
12
14
13
15
