57 27
45 26
31 20
41 23
42 25
24 14
53 24
55 27
46 25
40 19
50 21
56 24
43 24
45 21
38 23
32 16
39 24
51 29
39 23
33 11
44 29
58 24
34 21
42 24
52 24
37 24
36 21
39 21
45 17
49 22
37 25
36 15
30 23
60 27
62 23
48 34
38 23
55 26
52 23
36 27
35 17
42 27
43 20
57 29
42 10
49 21
43 23
50 24
39 26
32 24
43 19
26 14
30 22
35 24
41 24
42 30
28 17
48 21
39 15
49 27
72 26
41 21
35 27
41 28
43 27
41 21
55 23
38 32
41 20
58 28
38 22
46 20
47 19
33 22
44 31
74 24
39 27
53 35
58 27
38 23
35 26
46 21
36 19
51 20
47 15
42 24
40 21
32 18
34 22
13 5
52 30
57 17
23 4
41 19
28 18
52 22
39 21
32 18
43 25
41 15
39 26
27 14
44 19
51 23
42 28
46 26
51 27
44 29
40 17
31 18
35 13
43 24
31 21
53 23
56 28
53 14
30 19
41 14
46 18
47 26
30 19
34 24
38 21
39 30
40 27
50 29
47 22
44 24
53 15
58 22
45 32
37 26
63 16
39 24
42 22
55 30
52 27
48 26
48 22
62 36
47 26
71 32
43 26
35 22
44 24
27 21
43 27
46 16
53 30
43 22
30 18
33 21
53 23
66 26
32 15
30 20
38 22
42 18
42 20
39 28
60 25
38 19
30 21
34 20
56 30
45 19
47 27
50 18
39 28
50 23
55 27
38 19
44 23
48 24
35 22
42 21
47 19
40 22
55 25
32 24
47 32
52 26
39 28
45 28
33 18
47 26
46 19
45 19
35 23
34 19
30 20
46 20
44 28
47 19
32 19
51 24
56 29
31 18
48 25
32 23
51 25
34 20
53 26
51 17
37 25
37 23
35 25
63 19
28 17
32 22
35 15
46 15
46 19
56 23
28 16
29 22
48 27
48 33
54 34
41 24
42 24
47 20
48 37
50 27
47 30
47 19
39 28
50 22
46 28
76 32
43 30
50 18
59 29
44 26
31 15
44 16
40 31
48 25
29 14
44 24
36 23
66 22
49 20
36 18
34 18
53 24
55 26
43 17
44 29
48 19
29 19
29 16
36 26
58 31
47 25
32 23
59 28
31 21
65 21
46 22
47 19
36 26
52 32
35 25
31 19
57 25
54 25
57 32
48 29
45 30
56 27
52 27
46 35
41 28
45 28
40 26
42 26
52 27
40 18
30 19
56 27
37 19
40 29
38 25
46 19
40 29
56 26
53 27
47 28
50 21
48 39
50 24
48 27
31 17
41 17
49 24
39 27
43 30
40 21
46 26
36 20
32 17
42 24
60 30
43 22
60 28
39 26
39 24
42 21
43 27
46 26
38 30
60 33
32 25
62 29
33 23
38 28
24 16
49 29
51 29
41 25
55 26
53 24
51 29
53 23
56 23
36 22
34 27
42 27
52 24
36 22
75 27
43 27
58 26
52 33
51 15
27 23
47 22
41 20
61 20
60 23
47 24
27 18
32 19
46 16
38 22
43 23
30 15
46 30
53 36
32 17
65 30
29 14
56 38
45 22
34 19
35 18
31 20
47 31
45 29
51 22
21 13
30 18
51 26
52 26
44 20
42 31
42 26
51 24
59 30
24 15
54 31
39 24
47 32
34 18
39 27
46 29
33 24
76 28
52 29
34 7
38 22
34 18
55 24
51 24
48 30
33 18
40 30
66 25
31 17
64 30
49 28
57 28
48 20
33 15
32 23
36 19
30 18
35 20
47 33
41 31
39 22
42 26
49 21
37 23
40 27
30 16
42 26
25 15
54 25
55 30
37 16
49 18
39 23
53 24
52 26
57 19
30 14
41 22
42 21
63 42
36 28
33 22
36 22
46 19
52 20
46 29
36 21
48 20
31 17
54 25
40 25
45 22
44 34
27 17
48 24
47 20
38 24
52 22
50 29
41 28
39 20
32 20
46 24
49 29
47 34
40 20
44 28
34 24
33 12
46 33
52 23
48 21
43 22
42 24
33 17
61 30
23 17
34 24
26 17
36 22
48 20
38 21
64 24
61 31
43 21
53 35
38 16
44 18
43 31
31 22
36 20
39 28
35 22
34 19
32 23
37 17
41 27
38 27
35 25
69 32
37 22
52 25
27 21
42 28
45 30
51 13
48 29
42 22
46 21
54 20
45 27
49 24
39 31
46 26
50 21
32 22
39 28
42 24
36 27
37 24
38 20
24 17
43 24
67 24
32 15
32 16
35 18
43 29
43 19
52 21
37 27
34 22
54 27
34 19
48 21
27 19
55 24
34 23
35 27
38 26
26 15
42 21
48 24
45 20
41 19
64 31
64 30
41 21
42 20
40 28
35 20
47 24
69 19
41 21
44 29
36 18
73 18
40 27
40 21
39 26
58 22
37 26
40 26
48 21
31 23
45 25
59 27
59 34
44 26
43 22
36 21
40 28
45 24
34 23
39 28
52 26
39 27
55 22
36 24
39 28
37 10
55 23
48 18
37 24
57 38
30 18
37 21
53 23
50 25
36 24
55 29
39 30
45 32
35 17
41 22
32 23
33 17
47 21
32 18
48 21
37 23
35 19
39 21
36 26
49 30
32 18
35 21
39 22
27 16
31 22
37 28
49 24
65 35
45 28
38 20
48 21
55 28
56 15
58 30
38 26
37 23
41 28
43 26
31 19
35 22
38 27
50 26
52 22
53 28
43 26
31 18
42 30
39 18
40 21
44 27
56 29
44 20
38 28
45 19
40 21
27 19
32 20
58 22
39 26
33 18
39 22
56 21
47 19
43 29
47 19
40 23
49 24
39 19
40 28
58 25
55 20
39 20
46 17
38 23
34 15
34 18
42 30
91 44
26 17
56 26
44 30
35 23
22 15
50 23
48 22
53 24
36 23
35 19
36 23
38 25
36 28
40 26
43 18
33 14
39 28
37 23
42 23
73 30
60 37
51 27
40 27
38 26
44 26
43 29
53 26
54 25
55 22
55 26
54 20
21 14
43 30
37 21
36 24
52 19
39 25
47 20
31 14
25 10
46 23
40 19
50 40
35 22
35 21
47 22
44 17
39 26
43 18
27 19
32 15
31 15
35 22
39 25
39 20
48 23
37 29
35 19
37 20
55 23
63 19
24 15
61 36
46 24
41 25
45 27
46 28
33 20
30 18
48 21
49 17
49 33
45 30
54 24
33 25
45 29
52 24
54 24
36 20
53 34
35 15
38 22
39 25
32 20
43 27
56 27
41 23
35 24
20 17
43 22
34 20
42 27
44 23
29 15
49 34
28 16
53 23
50 29
38 24
54 25
31 23
52 23
54 37
56 27
53 21
37 27
27 16
47 20
44 25
36 24
40 21
50 27
48 27
68 29
60 31
52 28
43 23
28 16
50 28
37 21
41 26
65 19
32 19
29 15
47 27
39 15
40 22
41 18
30 22
54 23
39 28
30 19
47 26
27 21
29 18
55 25
40 24
42 15
34 22
26 17
35 18
53 29
51 20
43 20
79 30
29 17
48 16
57 27
44 16
45 20
48 19
49 23
37 20
46 27
52 21
34 21
39 28
44 33
39 27
69 23
33 15
40 25
32 16
51 26
54 25
40 16
47 19
26 12
39 27
52 26
47 22
40 24
52 20
40 25
40 21
32 18
32 18
33 24
38 21
38 24
36 19
31 16
74 28
46 16
41 32
45 26
25 19
39 22
63 25
40 24
70 25
29 22
40 22
56 21
41 12
32 24
46 26
38 22
45 24
45 24
22 18
44 29
32 25
63 21
37 22
46 19
42 29
41 29
43 27
51 28
34 22
47 32
49 19
49 17
31 23
42 24
48 17
41 28
47 27
45 22
35 24
45 27
42 20
42 30
48 33
53 30
30 20
50 20
34 25
38 23
39 24
31 19
44 22
50 25
39 14
35 23
41 26
38 24
56 25
54 27
35 18
51 21
29 18
53 21
61 25
40 28
42 26
46 27
45 27
56 16
43 16
40 23
82 25
39 22
44 31
43 21
48 32
49 16
40 12
43 33
27 15
56 30
43 24
41 28
43 15
40 27
29 21
46 30
43 28
48 34
62 32
65 39
39 25
39 22
46 28
48 29
45 26
38 21
40 28
37 20
56 30
35 17
32 19
37 23
38 29
50 22
46 19
48 26
42 31
35 18
38 26
34 22
56 26
38 20
32 20
39 17
44 14
45 23
40 22
63 13
54 28
50 22
46 27
51 16
50 33
49 26
36 21
49 18
30 23
40 27
45 23
24 17
49 26
43 25
49 33
39 26
40 17
36 21
36 18
35 22
42 30
31 23
36 17
43 27
37 19
27 17
44 24
34 24
35 21
43 15
36 19
30 17
48 30
35 20
56 24
37 23
41 27
41 23
45 28
56 31
53 23
31 15
46 20
39 23
37 17
54 25
36 20
46 16
41 30
46 20
61 35
32 18
38 26
21 7
31 18
40 25
