101 44
78 33
66 35
69 28
68 26
53 29
96 43
83 28
91 45
88 48
86 36
91 35
88 45
80 35
73 35
61 29
101 62
88 37
84 45
77 44
80 36
95 37
59 25
84 42
86 34
71 34
85 49
75 36
116 71
87 38
72 35
73 37
64 34
96 36
107 45
85 37
140 102
120 65
90 38
72 36
71 36
78 36
88 45
102 45
61 19
85 36
80 37
77 27
85 46
67 35
106 63
61 35
76 46
69 34
78 37
79 37
71 43
73 25
85 46
84 35
98 26
78 37
63 28
87 46
62 19
87 46
91 36
75 37
84 43
102 44
73 35
79 33
84 37
58 25
81 37
108 34
58 19
98 45
122 64
84 46
62 27
90 44
74 38
96 45
74 27
87 45
82 42
68 36
67 33
56 43
87 35
93 36
49 26
107 66
64 36
90 38
67 28
70 38
71 28
68 27
73 34
62 35
124 80
86 35
78 36
119 73
87 36
89 45
78 38
66 35
80 45
87 44
127 96
109 56
92 36
90 37
67 37
175 134
83 37
147 100
89 59
80 46
75 37
74 35
75 35
87 37
76 29
82 38
88 35
93 35
70 25
81 44
100 37
100 61
120 78
92 37
86 34
92 44
65 17
101 39
84 37
97 26
76 33
81 46
72 28
119 92
77 34
92 46
89 36
108 65
67 37
58 25
99 46
113 47
49 17
57 27
73 35
80 38
75 33
77 38
114 54
99 61
92 62
128 94
93 37
80 35
92 45
87 37
83 44
84 34
118 63
74 36
88 44
67 19
69 34
125 83
89 42
100 60
101 46
57 25
110 63
88 36
69 30
81 36
107 74
85 38
80 34
80 35
73 38
70 36
76 46
91 45
88 44
81 34
69 37
88 37
94 38
65 34
84 36
68 36
87 36
71 37
113 60
188 137
96 59
73 36
70 35
99 36
55 27
59 27
72 37
82 36
82 36
102 46
66 38
72 43
149 101
85 37
81 27
76 35
69 27
143 96
82 34
94 44
82 35
73 26
83 44
66 16
90 44
173 97
72 29
85 35
95 36
79 35
68 37
126 82
103 63
84 36
65 36
81 37
71 35
101 35
84 35
75 39
71 37
87 34
91 36
79 36
81 37
92 44
67 38
56 27
65 29
101 43
84 37
70 38
84 25
69 38
113 48
79 33
72 25
142 106
86 34
99 64
64 33
93 36
101 47
92 35
175 127
79 34
89 33
98 46
73 27
68 27
82 37
82 42
70 28
90 38
76 36
65 35
101 45
65 28
66 26
76 38
81 35
76 36
90 34
98 45
81 34
104 54
96 48
88 38
93 45
57 26
78 37
86 37
75 36
69 26
84 44
79 33
63 27
60 28
77 35
94 34
78 35
106 46
75 36
72 33
70 28
79 36
73 27
73 35
86 26
70 38
98 36
93 60
72 34
52 28
85 36
85 34
69 28
91 36
91 38
88 37
78 25
83 27
73 37
96 62
77 35
96 44
55 19
118 43
79 36
103 45
79 27
85 34
54 27
102 55
66 25
105 44
97 37
65 18
71 44
67 35
80 34
83 45
87 44
67 37
83 37
89 36
60 28
109 44
93 64
92 36
108 63
70 36
71 36
109 78
73 26
82 37
88 37
55 34
64 34
104 53
88 36
81 37
78 36
113 71
85 34
86 27
61 37
70 16
104 65
158 111
78 44
71 32
83 37
67 34
111 35
86 34
69 35
84 46
81 47
81 26
78 27
76 28
69 36
85 45
103 37
68 37
100 36
96 47
120 63
83 35
71 38
58 26
73 37
67 37
62 27
109 62
75 34
75 36
77 35
75 26
99 62
67 27
67 37
89 47
62 37
73 19
125 70
72 35
83 34
94 55
86 33
77 25
96 39
132 102
84 43
77 35
108 45
71 35
80 47
70 34
81 35
88 36
73 27
73 37
75 27
58 27
100 46
85 45
82 37
78 34
64 37
85 37
65 18
72 34
89 37
86 36
106 65
76 37
123 91
74 28
86 37
130 83
74 34
72 28
69 35
78 45
91 45
80 28
85 37
87 44
89 47
69 36
88 27
69 46
89 55
59 33
70 34
83 35
79 41
100 36
95 34
69 26
89 36
81 43
79 35
61 18
77 46
71 35
75 36
72 37
97 63
77 45
65 28
77 36
73 35
71 36
105 36
72 35
151 99
60 33
88 46
79 34
104 53
86 38
78 36
80 34
100 46
81 36
91 42
85 46
91 45
96 46
78 46
101 62
68 26
63 27
74 37
83 45
60 36
63 20
104 37
68 36
66 34
71 36
90 47
79 36
87 35
81 44
80 46
118 64
79 45
73 25
53 26
81 26
64 30
72 37
93 55
73 47
79 37
84 36
80 35
80 39
97 33
90 26
66 25
79 37
74 34
72 37
124 77
93 24
68 27
69 25
64 28
119 46
77 37
102 62
76 37
85 27
102 65
68 28
112 64
73 42
89 44
120 61
105 46
89 45
91 48
98 62
75 35
81 36
70 36
76 37
90 38
76 37
125 70
70 34
83 44
73 36
90 35
115 67
64 27
94 37
58 28
66 29
102 49
86 36
73 37
90 35
74 35
98 53
71 36
87 46
69 37
71 38
83 36
59 27
84 36
73 36
80 45
85 46
71 35
84 35
68 36
70 35
67 28
63 36
58 27
75 38
86 37
92 27
80 35
63 25
82 34
91 36
111 55
101 43
56 18
84 47
78 37
80 37
68 37
78 43
74 36
86 36
113 61
98 45
78 35
75 44
147 105
73 34
74 34
83 39
91 35
79 35
72 34
71 26
84 44
64 37
69 37
91 33
84 45
76 43
156 117
91 35
120 73
80 37
94 47
76 36
85 36
74 35
77 37
100 42
93 38
122 83
92 46
55 17
69 35
61 27
109 67
126 35
62 36
119 63
79 35
136 101
58 36
86 36
73 25
87 34
69 33
81 46
96 60
74 36
75 39
67 27
80 37
60 27
114 75
74 37
142 100
109 36
93 33
85 34
103 63
81 43
80 36
81 38
88 35
82 28
89 34
73 18
71 17
57 36
78 35
73 36
55 19
89 37
67 28
81 34
73 42
68 43
93 47
75 35
79 29
70 35
71 36
83 36
87 43
85 46
78 35
74 47
67 35
67 36
60 25
74 35
75 36
84 36
64 27
69 34
71 34
120 65
109 46
58 34
88 27
82 36
78 37
90 45
80 34
170 137
64 34
93 45
74 25
103 54
81 36
83 29
67 34
70 25
90 38
88 34
72 36
88 35
70 35
101 63
86 47
60 28
69 26
104 48
122 81
79 44
56 36
77 34
70 36
79 37
80 36
63 34
127 78
72 44
98 45
76 26
74 36
99 45
58 27
79 27
87 33
100 44
80 27
73 36
63 36
96 49
72 28
79 43
74 34
94 44
84 36
122 54
105 45
88 36
70 27
73 45
92 42
74 37
69 28
100 35
69 37
62 33
147 100
64 25
77 37
85 44
83 53
100 46
73 34
65 35
65 18
53 26
65 36
100 45
84 44
77 35
78 44
70 44
124 89
100 47
89 38
89 46
98 19
65 36
75 27
128 71
69 25
107 62
96 48
90 41
72 35
81 35
90 38
88 54
77 38
86 42
64 25
114 45
105 72
74 34
89 57
88 37
89 35
76 36
72 25
62 36
65 26
80 28
99 52
119 79
87 35
75 35
75 35
76 44
87 55
62 29
64 26
72 34
65 29
50 19
116 42
81 35
85 44
90 45
72 47
73 34
88 25
74 34
107 37
71 42
84 44
92 36
77 36
68 36
82 36
71 33
71 26
81 36
57 35
80 36
69 37
99 36
71 34
73 27
81 39
76 35
87 44
84 33
144 110
72 25
76 27
86 37
68 37
80 38
74 26
105 64
90 43
74 29
155 120
81 36
78 36
128 86
83 35
108 55
68 38
85 35
96 62
72 34
74 35
67 36
99 55
94 44
84 45
78 43
76 35
128 90
90 34
88 34
70 35
126 75
56 27
89 36
106 45
76 36
77 35
73 27
79 34
81 25
69 26
168 128
128 46
56 17
79 35
69 26
135 87
86 37
75 35
81 38
103 76
100 44
80 37
77 36
69 26
68 28
119 90
82 36
80 37
65 17
126 64
138 73
103 64
73 34
83 37
74 26
81 36
84 46
75 35
73 36
84 28
78 43
68 36
66 29
71 33
85 35
82 36
93 45
78 36
79 44
72 34
95 61
92 36
130 92
110 78
77 38
80 36
159 114
121 81
99 36
118 64
87 37
80 34
88 37
85 35
86 37
91 55
131 82
73 43
77 37
80 35
121 97
88 39
79 36
94 45
72 33
77 37
74 38
75 39
74 39
70 28
68 37
72 36
88 45
80 43
61 34
76 32
67 33
69 34
77 34
73 37
75 45
84 36
72 37
92 36
103 66
75 34
77 36
83 38
154 98
90 37
57 26
100 54
83 44
72 35
89 35
72 36
70 24
103 62
129 83
97 36
52 20
73 35
64 43
75 44
69 29
