107 6
93 15
80 14
82 13
84 16
68 15
102 6
96 13
104 13
94 6
101 15
107 16
94 6
96 16
79 6
67 6
114 13
95 7
100 16
96 19
96 16
110 15
65 6
90 6
87 1
84 13
91 6
89 14
130 14
93 6
85 13
86 13
65 1
111 15
120 13
101 16
155 15
126 6
109 19
85 13
90 19
91 13
107 19
109 7
77 16
101 16
96 16
93 16
91 6
80 13
107 1
77 16
83 7
70 1
92 14
85 6
85 14
92 19
101 16
99 15
111 13
84 6
69 6
103 16
75 13
101 14
107 16
89 14
99 15
118 16
80 7
95 16
103 19
74 16
95 14
121 13
65 7
113 15
138 16
103 19
78 16
97 7
93 19
111 15
87 13
101 14
97 15
82 14
74 7
71 15
94 7
109 16
62 13
122 15
80 16
105 15
82 15
76 6
78 7
87 19
92 19
78 16
140 16
87 1
84 6
133 14
88 1
105 16
97 19
79 13
87 7
100 13
140 13
116 7
108 16
106 16
82 15
188 13
96 13
166 19
102 13
86 6
81 6
88 14
89 14
102 15
82 6
88 6
103 15
107 14
86 16
94 13
113 13
115 15
133 13
99 7
99 13
106 14
81 16
114 13
97 13
98 1
91 15
95 14
73 1
132 13
93 16
111 19
96 7
122 14
82 15
72 14
118 19
126 13
68 19
58 1
79 6
99 19
82 7
90 13
129 15
105 6
107 15
135 7
100 7
96 16
98 6
106 19
102 19
91 7
125 7
89 15
89 1
86 19
82 13
131 6
104 15
119 19
117 16
72 15
116 6
104 16
88 19
95 14
114 7
100 15
87 7
94 14
92 19
83 13
95 19
92 1
103 15
96 15
70 1
101 13
113 19
79 14
97 13
69 1
102 15
78 7
127 14
203 15
112 16
74 1
77 7
106 7
61 6
74 15
78 6
98 16
95 13
118 16
73 7
78 6
162 13
104 19
94 13
77 1
88 19
144 1
89 7
95 1
101 19
88 15
99 16
80 14
91 1
179 6
88 16
86 1
101 6
95 16
83 15
132 6
122 19
85 1
84 19
96 15
72 1
120 19
99 15
82 7
87 16
103 16
110 19
92 13
87 6
108 16
81 14
71 15
81 16
120 19
91 7
83 13
91 7
85 16
119 6
93 14
73 1
156 14
105 19
114 15
79 15
109 16
107 6
98 6
190 15
94 15
104 15
112 14
88 15
74 6
97 15
97 15
84 14
96 6
95 19
72 7
107 6
80 15
81 15
83 7
96 15
95 19
106 16
114 16
96 15
111 7
115 19
95 7
100 7
58 1
79 1
105 19
88 13
83 14
97 13
80 1
79 16
75 15
84 7
95 1
85 7
122 16
76 1
78 6
83 13
80 1
89 16
74 1
101 15
71 1
114 16
106 13
91 19
66 14
98 13
99 14
85 16
92 1
106 15
101 13
92 14
90 7
87 14
112 16
93 16
102 6
71 16
131 13
80 1
122 19
93 14
92 7
60 6
117 15
72 6
112 7
113 16
66 1
87 16
86 19
96 16
102 19
101 14
80 13
102 19
108 19
67 7
125 16
109 16
105 13
121 13
84 14
86 15
123 14
88 15
89 7
95 7
69 14
83 19
111 7
107 19
82 1
91 13
119 6
92 7
105 19
74 13
84 14
120 16
165 7
91 13
77 6
90 7
73 6
118 7
105 19
76 7
98 14
97 16
96 15
93 15
82 6
85 16
100 15
104 1
82 14
114 14
112 16
134 14
84 1
90 19
77 19
86 13
80 13
69 7
123 14
94 19
88 13
93 16
91 16
115 16
83 16
86 19
103 14
69 7
86 13
141 16
85 13
98 15
110 16
100 14
84 7
110 14
148 16
103 19
90 13
114 6
87 16
99 19
76 6
87 6
102 14
79 6
87 14
89 14
64 6
106 6
101 16
89 7
94 16
79 15
100 15
79 14
86 14
95 6
101 15
112 6
82 6
137 14
87 13
87 1
146 16
80 6
73 1
84 15
97 19
98 7
99 19
100 15
94 7
95 6
82 13
107 19
82 13
96 7
66 7
83 13
96 13
98 19
101 1
96 1
70 1
90 1
100 19
98 19
62 1
96 19
85 14
91 16
91 19
98 1
83 6
71 6
84 7
88 15
85 14
121 16
86 14
165 14
75 15
107 19
95 16
110 6
101 15
94 16
99 19
116 16
88 7
97 6
98 13
92 1
109 13
94 16
116 15
83 15
76 13
89 15
97 14
66 6
82 19
118 14
81 13
80 14
90 19
109 19
86 7
93 6
87 6
87 7
131 13
86 7
87 14
66 13
87 6
65 1
91 19
100 7
89 16
95 16
91 7
94 14
87 7
103 6
109 19
81 15
86 7
80 6
73 1
130 6
100 7
83 15
76 7
65 1
135 16
83 6
108 6
95 19
101 16
108 6
74 6
128 16
79 6
102 13
127 7
111 6
96 7
97 6
105 7
76 1
94 13
86 16
92 16
104 14
82 6
141 16
76 6
90 7
92 19
104 14
128 13
79 15
113 19
64 6
79 13
118 16
87 1
74 1
103 13
87 13
117 19
87 16
102 15
85 16
77 6
84 1
66 7
103 19
79 6
96 16
98 13
90 19
85 1
75 7
84 14
73 6
79 16
77 19
90 15
93 7
107 15
86 6
76 13
96 14
105 14
118 7
120 19
62 6
90 6
92 14
94 14
83 15
85 7
93 19
92 6
119 6
114 16
85 7
91 16
166 19
92 19
80 6
89 6
105 14
80 1
87 15
78 7
90 6
80 16
83 14
98 7
100 16
89 13
171 15
92 1
133 13
99 19
100 6
89 13
101 16
90 16
91 14
116 16
112 19
129 7
99 7
62 7
76 7
80 19
110 1
141 15
68 6
126 7
94 15
149 13
71 13
99 13
92 19
88 1
88 19
97 16
103 7
88 14
81 6
74 7
95 15
76 16
133 19
89 15
158 16
128 19
99 6
101 16
122 19
97 16
99 19
100 19
107 19
101 19
103 14
88 15
84 13
73 16
93 15
89 16
70 15
90 1
68 1
88 7
86 13
83 15
112 19
76 1
80 1
83 13
90 19
90 7
102 15
99 14
94 16
87 13
82 15
74 7
67 7
87 13
89 14
90 6
65 1
82 13
87 16
139 19
122 13
74 16
102 14
96 14
92 14
106 16
94 14
189 19
80 16
109 16
87 13
119 16
87 6
89 6
82 15
71 1
91 1
104 16
86 14
103 15
83 13
108 7
87 1
67 7
70 1
118 14
141 19
95 16
62 6
92 15
71 1
95 16
81 1
70 7
133 6
88 16
111 13
77 1
87 13
100 1
64 6
80 1
101 14
107 7
95 15
74 1
76 13
103 7
86 14
92 13
81 7
107 13
91 7
141 19
106 1
102 14
71 1
89 16
111 19
80 6
75 6
101 1
70 1
76 14
153 6
65 1
83 6
101 16
102 19
101 1
86 13
72 7
72 7
69 16
72 7
106 6
97 13
78 1
91 13
89 19
138 14
116 16
96 7
96 7
113 15
78 13
88 13
143 15
76 7
126 19
112 16
91 1
87 15
97 16
106 16
107 19
93 16
105 19
65 1
133 19
112 7
93 19
108 19
101 13
102 13
82 6
78 6
77 15
84 19
96 16
118 19
138 19
88 1
81 6
81 6
90 14
106 19
81 19
78 14
79 7
78 13
69 19
123 7
94 13
91 6
97 7
91 19
86 13
94 6
93 19
113 6
77 6
91 7
106 14
84 7
83 15
101 19
84 13
84 13
94 13
58 1
87 7
88 19
118 19
90 19
87 14
87 6
91 15
100 13
103 19
150 6
85 13
77 1
101 15
84 16
96 16
90 16
119 14
91 1
75 1
169 14
97 16
93 15
129 1
98 15
115 7
82 14
91 6
102 6
85 13
93 19
68 1
118 19
108 14
98 14
85 7
91 15
147 19
91 1
101 13
83 13
142 16
71 15
96 7
122 16
83 7
91 14
79 6
86 7
96 15
70 1
187 19
144 16
72 16
98 19
88 19
150 15
99 13
94 19
97 16
109 6
115 15
87 7
93 16
70 1
81 13
138 19
98 16
87 7
72 7
132 6
144 6
109 6
79 6
102 19
80 6
88 7
91 7
82 7
88 15
100 16
91 13
74 6
73 7
84 13
99 14
101 19
106 13
84 6
93 14
86 14
108 13
93 1
143 13
116 6
96 19
96 16
178 19
136 15
112 13
119 1
100 13
87 7
102 14
101 16
99 13
104 13
146 15
79 6
96 19
95 15
127 6
103 15
86 7
109 15
88 16
84 7
80 6
76 1
81 7
83 13
75 7
86 14
94 6
81 1
76 15
89 13
74 7
70 1
93 16
79 6
91 16
103 19
73 1
98 6
119 16
89 14
92 15
97 14
169 15
106 16
64 7
116 16
98 15
79 7
104 15
79 7
86 16
119 16
148 19
111 14
68 16
87 14
79 15
82 7
84 15
