130 23
114 21
102 22
100 18
102 18
77 9
144 42
131 35
104 0
103 9
121 20
150 43
136 42
96 0
114 35
99 32
125 11
113 18
118 18
105 9
140 44
140 30
76 11
101 11
119 32
104 20
133 42
112 23
141 11
104 11
118 33
109 23
87 22
154 43
129 9
134 33
166 11
159 33
144 35
94 9
122 32
102 11
149 42
141 32
88 11
142 41
139 43
126 33
100 9
91 11
125 18
120 43
116 33
92 22
103 11
117 32
128 43
110 18
124 23
141 42
155 44
95 11
87 18
124 21
96 21
122 21
142 35
133 44
110 11
139 21
98 18
139 44
133 30
107 33
138 43
154 33
97 32
124 11
159 21
145 42
110 32
108 11
93 0
122 11
110 23
119 18
129 32
125 43
107 33
93 22
138 44
139 30
92 30
163 41
123 43
105 0
100 18
94 18
120 42
98 11
125 33
120 42
149 9
129 42
114 30
155 22
106 18
140 35
117 20
123 44
108 21
133 33
184 44
139 23
151 43
117 11
114 32
232 44
116 20
209 43
111 9
116 30
104 23
97 9
110 21
113 11
103 21
97 9
147 44
149 42
95 9
105 11
124 11
138 23
174 41
141 42
110 11
147 41
103 22
136 22
118 21
121 23
113 22
137 42
84 11
162 30
116 23
111 0
107 11
164 42
103 21
83 11
127 9
137 11
100 32
67 9
109 30
143 44
103 21
108 18
151 22
125 20
116 9
153 18
118 18
129 33
128 30
138 32
111 9
135 44
146 21
119 30
112 23
95 9
103 21
164 33
136 32
119 0
159 42
114 42
158 42
113 9
99 11
125 30
132 18
109 9
105 18
112 18
122 30
113 30
128 33
124 32
123 20
126 30
111 41
121 20
143 30
109 30
120 23
80 11
120 18
110 32
138 11
225 22
112 0
106 32
110 33
126 20
83 22
83 9
78 0
107 9
104 9
127 9
82 9
111 33
180 18
126 22
136 42
88 11
110 22
167 23
100 11
104 9
121 20
97 9
120 21
113 33
111 20
188 9
123 35
86 0
134 33
104 9
101 18
165 33
164 42
107 22
106 22
105 9
95 23
150 30
131 32
103 21
120 33
112 9
145 35
134 42
117 30
150 42
124 43
106 35
111 30
129 9
100 9
116 33
113 22
108 23
139 20
114 21
73 0
198 42
137 32
149 35
100 21
150 41
127 20
128 30
225 35
112 18
139 35
147 35
99 11
104 30
132 35
120 23
119 35
129 33
113 18
104 32
116 9
89 9
90 9
113 30
105 9
95 0
124 18
125 11
126 30
141 30
138 23
116 21
132 32
88 30
123 44
123 18
110 22
92 9
115 18
121 41
88 9
119 44
93 9
104 9
115 30
140 18
85 9
89 11
125 42
89 9
107 18
83 9
144 43
80 9
136 22
117 11
134 43
98 32
131 33
110 11
94 9
92 0
150 44
112 11
113 21
90 0
119 32
155 43
125 32
125 23
106 35
131 0
122 42
122 0
137 44
134 42
102 42
128 11
83 11
147 35
146 33
108 42
122 35
128 42
107 11
111 9
110 9
112 32
125 23
128 20
67 0
134 9
127 18
140 35
132 11
114 30
121 35
167 44
106 18
111 22
128 33
80 11
115 32
153 42
148 41
126 44
102 11
130 11
135 43
138 33
104 30
116 32
129 9
183 18
111 20
88 11
101 11
95 22
127 9
147 42
76 0
140 42
120 23
128 32
126 33
93 11
128 43
141 41
134 30
105 23
134 20
112 0
145 11
116 32
99 9
99 22
118 32
112 32
80 11
153 30
112 18
97 9
113 20
114 23
124 9
125 42
118 32
114 11
104 35
128 42
150 9
108 23
107 9
119 9
111 11
126 42
143 33
181 33
135 32
120 30
146 32
117 30
131 32
96 20
87 0
120 18
122 43
87 0
111 22
94 30
126 20
110 9
98 9
115 21
114 35
100 0
99 20
109 23
127 32
112 11
155 43
100 18
172 35
131 44
128 41
189 43
101 21
117 44
116 32
97 0
118 20
110 11
121 21
115 21
104 9
112 30
142 35
114 32
126 30
98 32
124 41
107 11
109 11
144 43
118 22
102 32
122 32
109 9
107 9
104 42
96 0
96 11
109 18
123 32
109 11
103 20
101 30
116 32
130 42
107 22
165 44
104 18
183 18
117 42
140 33
127 32
140 30
136 35
129 35
141 42
125 9
106 18
108 11
118 20
114 22
130 21
117 23
149 33
94 11
118 42
98 9
119 22
88 22
103 21
129 11
113 32
115 35
125 35
129 20
107 21
104 11
130 43
117 30
174 43
97 11
122 35
88 22
98 11
95 30
121 30
120 20
111 22
136 41
123 32
124 30
130 43
112 9
118 9
113 32
108 22
103 23
91 18
160 30
123 23
105 22
87 11
76 11
165 30
94 11
138 30
106 11
110 9
140 32
96 22
170 42
99 20
120 18
136 9
141 30
128 32
120 23
123 18
96 20
124 30
95 9
134 42
127 23
91 9
159 18
94 18
134 44
110 18
134 30
137 9
122 43
156 43
73 9
88 9
141 23
96 9
117 43
121 18
120 33
126 9
120 33
120 18
127 42
86 9
119 35
87 21
136 33
100 21
126 30
116 18
99 9
96 11
75 0
116 32
103 30
101 22
119 42
131 41
125 32
118 11
127 41
119 43
137 41
137 32
127 9
131 11
92 30
113 23
103 11
94 0
92 9
115 30
102 9
113 21
130 11
156 42
85 0
121 30
196 30
101 9
80 0
122 33
105 0
98 18
105 18
121 43
99 9
112 32
83 0
140 42
132 32
119 30
193 22
133 41
142 9
120 21
111 11
130 41
142 41
110 20
134 43
139 23
153 41
151 22
140 41
104 42
120 44
91 11
142 32
183 42
79 11
144 18
103 9
158 9
113 42
121 22
114 22
130 42
97 9
127 30
121 18
109 21
103 22
117 43
136 41
87 11
163 30
107 18
179 21
139 11
134 35
112 11
131 9
140 43
120 21
142 42
125 18
119 18
112 9
108 20
116 32
84 11
104 11
112 23
79 9
125 35
112 44
106 18
95 9
94 11
153 41
106 30
123 43
101 18
134 44
123 33
111 9
99 0
116 22
98 11
82 0
106 32
87 20
98 11
98 9
134 44
86 21
124 42
98 11
161 22
131 9
83 9
132 30
116 20
124 32
128 22
116 22
198 9
113 33
141 32
110 23
128 9
129 42
107 18
114 32
104 33
100 9
136 32
104 18
114 11
94 11
117 9
105 18
76 9
100 30
148 30
161 20
137 42
92 30
134 42
82 11
138 43
116 35
111 41
177 44
123 35
131 20
88 11
129 42
122 22
87 23
101 21
110 9
116 9
125 30
83 9
85 9
121 18
119 33
122 30
99 18
137 30
100 9
152 11
128 22
124 22
106 35
98 9
120 9
123 43
107 32
144 43
112 42
87 11
195 42
108 43
125 42
112 11
111 9
112 11
95 9
93 21
113 41
90 21
93 21
150 44
108 11
89 11
91 0
100 11
179 41
159 43
138 42
131 35
148 35
111 33
106 18
165 22
87 11
146 20
155 43
109 18
109 22
106 9
139 33
137 30
123 30
128 23
108 43
163 30
147 35
102 9
117 9
136 35
122 20
82 0
87 9
77 0
95 11
118 22
162 44
181 43
106 18
92 11
90 9
120 30
124 18
111 30
111 33
121 42
119 41
113 44
156 33
136 42
121 30
132 35
100 9
128 42
136 42
104 11
145 32
119 42
133 42
141 35
95 11
126 43
122 21
125 41
114 30
105 11
100 42
117 30
120 32
138 20
101 11
120 33
108 21
126 35
111 11
145 42
183 33
108 23
88 11
131 30
93 9
126 30
120 30
130 11
100 9
107 32
180 11
139 42
104 11
171 42
142 44
126 11
104 22
121 30
111 9
103 18
102 9
109 41
141 23
128 20
142 44
129 44
123 32
191 44
132 41
119 18
92 9
175 33
80 9
138 42
133 11
92 9
132 41
109 30
118 32
105 9
111 41
217 30
176 32
115 43
98 0
129 41
161 11
131 32
115 21
108 11
109 0
157 42
129 42
113 20
102 32
123 42
156 18
107 9
129 42
104 32
152 20
164 20
151 42
101 22
125 23
112 32
99 11
114 23
105 23
131 43
133 33
133 42
104 30
105 32
104 20
142 43
143 42
117 11
95 11
137 44
86 0
129 21
135 42
176 33
136 20
126 30
105 9
221 43
145 9
121 9
151 32
142 42
96 9
111 9
112 11
132 33
124 20
181 35
88 9
126 30
95 0
138 11
126 23
97 11
153 44
130 42
127 43
89 9
118 42
103 22
126 43
86 11
118 32
138 44
113 32
98 22
119 30
95 21
112 42
102 9
121 42
121 30
146 43
82 9
140 42
151 32
107 18
136 44
118 21
211 42
147 41
94 30
125 9
119 21
111 32
146 42
100 21
119 33
160 41
191 43
133 22
110 42
130 43
102 23
104 22
126 42
