138 8
122 8
102 0
116 16
110 8
101 24
160 16
139 8
104 0
119 16
129 8
166 16
144 8
112 16
146 32
115 16
157 32
129 16
126 8
137 32
172 32
156 16
92 16
109 8
135 16
120 16
165 32
136 24
141 0
112 8
134 16
125 16
95 8
154 0
153 24
134 0
182 16
167 8
160 16
110 16
130 8
110 8
165 16
157 16
104 16
166 24
155 16
126 0
124 24
107 16
141 16
136 16
132 16
116 24
119 16
133 16
144 16
118 8
140 16
157 16
171 16
103 8
103 16
140 16
96 0
146 24
158 16
157 24
134 24
147 8
114 16
155 16
149 16
123 16
146 8
178 24
113 16
132 8
183 24
161 16
126 16
116 8
109 16
138 16
142 32
135 16
137 8
133 8
123 16
109 16
146 8
147 8
116 24
171 8
155 32
129 24
116 16
102 8
136 16
122 24
141 16
136 16
157 8
153 24
122 8
171 16
114 8
156 16
117 0
131 8
140 32
149 16
192 8
155 16
183 32
133 16
138 24
256 24
124 8
217 8
127 16
116 0
120 16
129 32
134 24
121 8
119 16
113 16
171 24
165 16
111 16
113 8
156 32
154 16
190 16
141 0
134 24
163 16
111 8
152 16
142 24
137 16
121 8
153 16
100 16
178 16
116 0
127 16
131 24
196 32
135 32
99 16
143 16
153 16
108 8
83 16
117 8
167 24
119 16
132 24
159 8
141 16
124 8
153 0
134 16
145 16
136 8
154 16
127 16
167 32
162 16
135 16
120 8
119 24
127 24
180 16
144 8
151 32
183 24
138 24
174 16
121 8
115 16
133 8
156 24
133 24
121 16
128 16
138 16
121 8
144 16
148 24
131 8
134 8
119 8
137 16
159 16
125 16
144 24
96 16
136 16
126 16
146 8
225 0
128 16
114 8
126 16
134 8
115 32
91 8
94 16
123 16
128 24
135 8
98 16
135 24
188 8
142 16
152 16
112 24
110 0
175 8
116 16
120 16
137 16
121 24
144 24
129 16
135 24
204 16
131 8
102 16
150 16
120 16
117 16
181 16
180 16
131 24
114 8
121 16
119 24
166 16
163 32
111 8
136 16
128 16
153 8
158 24
133 16
150 0
148 24
114 8
127 16
145 16
116 16
132 16
129 16
140 32
147 8
138 24
89 16
214 16
161 24
173 24
100 0
158 8
143 16
144 16
249 24
112 0
163 24
163 16
131 32
120 16
132 0
136 16
135 16
145 16
137 24
120 16
116 0
105 16
106 16
121 8
129 24
103 8
132 8
141 16
134 8
173 32
154 16
124 8
148 16
104 16
147 24
139 16
134 24
108 16
139 24
137 16
112 24
127 8
117 24
136 32
147 32
156 16
85 0
89 0
141 16
113 24
123 16
91 8
160 16
88 8
160 24
117 0
142 8
114 16
131 0
134 24
110 16
100 8
150 0
128 16
129 16
122 32
135 16
155 0
125 0
157 32
130 24
131 0
138 16
138 16
153 16
158 24
110 8
144 16
115 32
179 32
146 0
124 16
146 24
144 16
123 16
127 16
134 24
120 8
149 24
128 0
83 16
142 8
135 8
148 8
140 8
138 24
137 16
183 16
130 24
135 24
160 32
96 16
131 16
153 0
148 0
150 24
118 16
154 24
159 24
154 16
120 16
132 16
145 16
191 8
119 8
120 32
109 8
111 16
151 24
163 16
84 8
164 24
136 16
160 32
134 8
125 32
144 16
165 24
142 8
137 32
142 8
136 24
161 16
140 24
123 24
115 16
150 32
120 8
112 32
161 8
128 16
105 8
121 8
114 0
140 16
133 8
134 16
122 8
112 8
144 16
158 8
116 8
123 16
143 24
119 8
134 8
159 16
197 16
167 32
136 16
154 8
133 16
131 0
112 16
103 16
128 8
138 16
87 0
127 16
102 8
134 8
126 16
114 16
123 8
122 8
116 16
115 16
133 24
135 8
128 16
179 24
124 24
172 0
147 16
136 8
197 8
117 16
141 24
148 32
113 16
134 16
110 0
137 16
131 16
112 8
128 16
158 16
146 32
150 24
130 32
148 24
123 16
117 8
168 24
142 24
118 16
138 16
133 24
123 16
112 8
112 16
112 16
125 16
139 16
125 16
119 16
101 0
132 16
138 8
115 8
189 24
120 16
183 0
133 16
148 8
143 16
164 24
160 24
153 24
141 0
141 16
114 8
124 16
134 16
130 16
138 8
125 8
157 8
110 16
134 16
122 24
127 8
120 32
135 32
137 8
129 16
131 16
133 8
129 0
139 32
104 0
154 24
125 8
190 16
105 8
130 8
104 16
106 8
95 0
137 16
144 24
119 8
136 0
139 16
140 16
138 8
128 16
150 32
129 16
124 16
103 0
91 0
184 24
123 0
113 8
103 16
92 16
181 16
126 32
162 24
122 16
142 32
164 24
104 8
186 16
131 32
144 24
152 16
141 0
152 24
120 0
123 0
120 24
140 16
111 16
142 8
143 16
99 8
183 24
118 24
150 16
134 24
158 24
137 0
130 8
164 8
81 8
96 8
149 8
112 16
133 16
137 16
136 16
134 8
120 0
128 8
143 16
110 24
127 8
103 16
144 8
100 0
142 16
140 24
131 32
112 16
91 16
148 32
111 8
133 32
135 16
155 24
157 32
126 8
135 8
119 0
153 16
145 8
135 8
147 16
108 16
129 16
135 32
110 16
100 8
139 24
110 8
137 24
138 8
164 8
93 8
145 24
204 8
117 16
80 0
122 0
129 24
114 16
129 24
145 24
115 16
128 16
99 16
148 8
132 0
127 8
201 8
157 24
166 24
152 32
127 16
146 16
158 16
118 8
150 16
155 16
177 24
167 16
164 24
112 8
144 24
107 16
158 16
199 16
95 16
168 24
111 8
166 8
129 16
137 16
130 16
138 8
113 16
143 16
129 8
117 8
111 8
125 8
152 16
103 16
163 0
139 32
187 8
163 24
134 0
128 16
139 8
148 8
128 8
158 16
141 16
135 16
144 32
140 32
132 16
100 16
112 8
128 16
95 16
157 32
120 8
122 16
111 16
110 16
161 8
122 16
155 32
101 0
158 24
131 8
127 16
131 32
132 16
106 8
98 16
122 16
103 16
114 16
130 32
150 16
94 8
140 16
106 8
177 16
147 16
99 16
156 24
132 16
132 8
144 16
124 8
206 8
129 16
149 8
134 24
144 16
153 24
123 16
138 24
120 16
124 24
144 8
120 16
122 8
110 16
117 0
121 16
84 8
132 32
164 16
161 0
145 8
108 16
150 16
98 16
154 16
124 8
135 24
193 16
147 24
139 8
104 16
137 8
146 24
103 16
109 8
142 32
124 8
157 32
91 8
101 16
129 8
135 16
138 16
99 0
153 16
132 32
160 8
144 16
140 16
138 32
114 16
128 8
155 32
131 24
160 16
112 0
95 8
203 8
124 16
141 16
136 24
135 24
144 32
111 16
117 24
145 32
106 16
109 16
174 24
116 8
89 0
123 32
116 16
203 24
167 8
154 16
155 24
172 24
119 8
130 24
165 0
103 16
170 24
163 8
133 24
133 24
122 16
155 16
153 16
139 16
144 16
124 16
171 8
155 8
110 8
117 0
160 24
138 16
90 8
111 24
93 16
103 8
134 16
178 16
197 16
130 24
108 16
98 8
144 24
140 16
127 16
119 8
145 24
135 16
121 8
172 16
144 8
153 32
148 16
116 16
144 16
144 8
128 24
161 16
127 8
149 16
149 8
119 24
142 16
146 24
133 8
122 8
129 24
108 8
133 16
144 24
154 16
125 24
144 24
124 16
134 8
143 32
177 32
199 16
132 24
104 16
163 32
117 24
134 8
136 16
154 24
108 8
139 32
196 16
147 8
128 24
179 8
174 32
150 24
112 8
121 0
127 16
127 24
118 16
125 16
149 8
144 16
150 8
153 24
139 16
207 16
164 32
135 16
100 8
191 16
96 16
146 8
149 16
100 8
148 16
125 16
142 24
121 16
127 16
225 8
184 8
131 16
130 32
145 16
177 16
155 24
131 16
124 16
125 16
157 0
145 16
129 16
110 8
123 0
188 32
139 32
153 24
112 8
168 16
172 8
175 24
117 16
141 16
120 8
99 0
122 8
137 32
147 16
149 16
141 8
120 16
129 24
136 32
158 16
167 24
141 24
119 24
153 16
102 16
145 16
151 16
192 16
160 24
134 8
121 16
229 8
161 16
153 32
159 8
158 16
120 24
135 24
112 0
148 16
140 16
189 8
96 8
134 8
111 16
162 24
142 16
97 0
153 0
146 16
143 16
97 8
150 32
127 24
158 32
102 16
126 8
154 16
137 24
114 16
135 16
111 16
128 16
126 24
137 16
137 16
146 0
114 32
156 16
175 24
123 16
168 32
142 24
243 32
179 32
102 8
133 8
127 8
135 24
162 16
108 8
151 32
192 32
191 0
149 16
134 24
138 8
118 16
120 16
134 8
