170 32
154 32
182 80
148 32
158 48
165 64
160 0
171 32
136 32
183 64
145 16
214 48
192 48
160 48
226 80
195 80
205 48
161 32
142 16
201 64
220 48
188 32
108 16
125 16
199 64
184 64
213 48
184 48
189 48
160 48
150 16
173 48
127 32
170 16
185 32
166 32
246 64
215 48
224 64
158 48
162 32
190 80
197 32
189 32
152 48
198 32
187 32
174 48
204 80
155 48
189 48
200 64
180 48
132 16
183 64
133 0
192 48
166 48
188 48
189 32
235 64
183 80
103 0
156 16
144 48
194 48
190 32
189 32
182 48
211 64
178 64
203 48
197 48
171 48
178 32
242 64
113 0
148 16
231 48
225 64
158 32
164 48
125 16
202 64
190 48
215 80
185 48
149 16
155 32
173 64
210 64
211 64
164 48
187 16
203 48
177 48
164 48
166 64
152 16
170 48
189 48
184 48
205 48
201 48
138 16
235 64
178 64
188 32
133 16
179 48
156 16
197 48
240 48
203 48
247 64
165 32
154 16
304 48
156 32
281 64
159 32
164 48
184 64
145 16
214 80
169 48
199 80
145 32
203 32
213 48
127 16
145 32
188 32
202 48
238 48
189 48
150 16
179 16
143 32
184 32
174 32
201 64
169 48
201 48
148 48
226 48
180 64
175 48
179 48
244 48
167 32
147 48
191 48
201 48
140 32
131 48
149 32
183 16
167 48
164 32
207 48
189 48
124 0
201 48
182 48
161 16
200 64
234 80
159 32
183 16
178 16
199 64
184 64
167 48
143 16
212 32
176 32
183 32
231 48
202 64
206 32
153 32
131 16
181 48
188 32
181 48
153 32
160 32
186 48
185 64
192 48
196 48
131 0
182 48
135 16
153 16
175 16
173 48
192 48
160 64
216 80
142 16
226 80
289 64
160 32
162 48
158 32
150 16
195 80
123 32
142 48
187 64
176 48
215 80
146 48
183 48
220 32
158 16
216 64
112 0
142 32
207 32
148 32
168 48
201 64
137 16
192 48
161 32
167 32
236 32
147 16
166 64
214 64
184 64
181 64
197 16
228 48
179 48
194 80
185 64
167 48
230 64
211 48
127 16
152 16
208 80
217 64
190 32
197 64
198 48
164 16
146 32
159 32
193 48
180 64
148 16
193 64
204 64
163 16
154 16
137 48
262 48
193 32
205 32
132 32
206 48
223 80
224 80
313 64
160 48
179 16
179 16
179 48
168 48
196 64
184 48
167 32
161 16
201 64
184 64
164 48
169 64
154 48
137 16
193 64
135 32
164 32
173 32
182 48
237 64
186 32
124 0
212 64
168 64
195 48
171 32
214 80
156 48
219 80
169 32
144 32
143 16
165 48
152 16
227 80
156 0
117 32
121 32
221 80
161 48
171 48
123 32
176 16
152 64
208 48
149 32
158 16
178 64
179 48
182 48
110 0
132 32
182 32
160 32
145 16
202 80
215 80
187 32
173 48
221 64
146 16
195 64
202 64
202 64
201 48
174 16
142 32
160 16
115 0
211 32
146 0
188 64
162 16
176 32
139 16
175 48
166 32
200 80
165 16
208 80
147 64
174 32
215 80
196 48
188 48
170 32
185 48
199 16
178 48
167 32
224 64
112 16
163 32
185 32
212 64
214 64
134 16
186 32
207 48
202 48
168 48
164 32
177 32
223 32
167 48
136 16
109 0
143 32
167 16
211 48
148 64
180 16
168 32
192 32
166 32
173 48
224 80
181 16
174 32
201 64
142 0
184 48
209 48
220 80
171 48
131 16
198 48
168 48
176 64
177 16
192 64
137 32
153 32
146 32
204 64
181 48
182 48
170 48
176 64
160 16
238 80
148 32
203 80
175 32
135 16
150 16
191 32
213 16
183 16
168 32
202 48
165 32
179 48
128 16
151 48
160 32
186 48
151 64
175 48
166 64
166 32
142 16
162 48
139 16
138 16
164 48
163 48
197 64
199 64
144 16
211 32
156 32
236 64
211 64
152 16
261 64
181 64
157 16
196 48
193 80
150 16
142 32
201 64
163 32
144 32
176 48
190 32
210 64
230 80
130 0
196 48
155 32
133 16
216 48
222 80
198 80
186 48
181 48
139 16
160 48
160 48
160 48
157 32
203 64
157 32
183 64
181 80
196 64
170 32
195 80
221 32
136 16
247 64
165 32
196 48
223 80
228 64
224 64
201 48
189 48
157 16
178 64
172 48
150 16
194 64
202 64
173 48
221 64
190 80
198 64
186 64
159 32
200 80
167 32
169 32
161 32
147 16
149 16
177 48
171 32
168 64
202 48
205 80
238 48
137 32
130 0
184 80
154 48
143 48
201 64
208 64
167 48
168 32
187 48
156 16
202 64
176 48
166 16
161 32
172 48
135 32
155 64
232 48
139 16
161 48
151 48
108 16
245 64
190 64
194 32
202 80
206 64
196 32
120 16
250 64
147 16
160 16
168 16
157 16
216 64
168 48
139 16
168 48
188 48
143 32
190 48
191 48
131 32
231 48
182 64
198 48
150 16
190 32
169 32
178 48
244 80
81 0
144 48
181 32
160 48
149 16
201 64
184 48
166 32
168 48
176 48
191 48
174 64
191 64
135 32
160 16
132 32
190 48
172 32
147 16
160 48
107 16
164 16
175 64
181 48
199 64
219 64
205 48
158 32
167 32
135 16
185 32
193 48
183 48
227 80
156 48
193 64
167 32
174 64
148 48
155 16
174 64
153 16
186 48
164 0
157 64
193 48
284 80
181 64
160 80
186 64
193 64
162 48
209 80
209 64
163 48
144 16
131 32
196 48
132 0
175 48
249 48
189 32
230 64
216 64
175 48
194 48
206 48
134 16
198 48
219 64
241 64
247 80
196 32
160 48
192 48
187 80
174 16
199 0
159 64
200 32
159 48
198 32
145 16
185 48
194 64
186 48
161 48
175 32
193 64
181 64
175 64
205 80
200 48
151 48
195 32
187 48
251 64
179 16
166 32
176 48
187 48
228 80
176 48
206 48
205 64
183 48
176 32
188 48
180 48
100 0
176 64
160 32
111 16
237 80
168 48
154 32
127 16
142 32
209 48
170 48
187 32
133 32
158 0
179 48
143 16
211 80
196 64
138 32
130 32
154 32
135 32
178 64
178 48
214 64
110 16
156 16
154 48
209 32
179 32
131 32
204 48
212 80
180 48
192 48
156 32
238 32
193 64
213 64
182 48
192 48
185 32
171 48
202 64
168 48
156 32
160 16
152 32
154 32
190 80
149 32
169 48
100 16
148 16
212 48
209 48
193 48
124 16
214 64
146 48
154 0
156 32
167 32
209 16
195 48
171 32
152 48
201 64
226 80
135 32
157 48
158 16
172 48
205 48
171 80
133 32
193 64
151 16
154 16
131 32
201 48
196 64
208 48
224 80
204 64
170 32
194 80
176 48
235 80
147 16
208 48
192 80
111 16
251 48
172 48
173 32
136 0
215 80
224 80
159 48
181 64
225 80
138 32
173 64
206 32
132 16
121 32
139 16
180 64
283 80
215 48
202 48
203 48
188 16
151 32
194 64
181 16
135 32
186 16
195 32
149 16
149 16
186 64
219 64
201 48
155 16
192 48
172 48
235 64
203 48
158 48
149 32
208 48
170 32
122 32
175 64
157 64
103 0
150 16
210 32
261 64
178 48
172 64
178 80
176 32
220 80
175 48
199 80
209 64
183 48
169 48
220 48
192 48
185 32
196 48
180 64
176 32
208 64
192 64
209 48
159 32
181 32
181 32
135 16
174 32
178 32
181 48
138 16
193 64
156 48
181 48
192 48
154 0
205 80
224 80
172 48
198 64
223 80
225 48
247 48
164 32
104 0
211 48
149 32
166 32
184 48
202 48
140 32
219 80
228 32
163 16
192 64
243 64
222 48
214 64
144 32
153 32
159 32
159 32
182 64
173 48
213 64
160 16
166 16
217 64
203 64
271 64
180 16
183 48
132 32
223 32
144 48
210 64
213 64
116 16
196 48
189 64
190 48
153 32
159 32
273 48
248 64
211 80
178 48
225 80
209 32
219 64
163 32
172 48
157 32
189 32
177 32
177 48
110 0
139 16
220 32
155 16
169 16
160 48
216 48
236 64
223 48
181 64
173 32
168 48
115 16
170 48
153 16
179 32
197 48
189 48
168 48
193 64
168 32
158 0
247 80
173 32
119 0
169 16
134 32
193 48
199 48
240 48
192 32
182 48
169 48
277 48
209 48
201 48
175 16
190 32
184 64
167 32
128 16
164 16
220 80
253 64
144 48
198 64
191 80
226 64
158 16
177 80
201 48
162 16
175 32
145 48
198 48
143 16
174 16
166 64
158 32
218 64
169 32
130 16
199 64
191 80
208 80
190 64
185 48
169 32
178 32
146 32
172 16
191 16
203 80
216 48
174 32
291 48
227 48
118 16
165 32
191 64
167 32
226 64
124 16
151 0
256 64
191 0
197 48
198 64
154 16
182 64
136 16
166 32
